$ 3 3.125e-7 0.08464817248906141 33 5 43 5e-11
c 336 96 336 200 0 0.000009999999999999999 5.030223323947043 0.001
r 448 96 448 200 0 1.6
d 240 288 240 96 2 1N4004
l 336 320 336 256 0 0.000022 -3.74206202213252 0
f 120 336 240 336 32 1.8 28
w 240 288 240 320 0
g 240 416 240 448 0 0
w 240 352 240 416 0
v 160 224 160 96 0 0 40 12 0 0 0.5
g 160 224 160 272 0 0
r 32 336 120 336 0 330
r 336 200 336 256 0 0.0265
w 240 320 336 320 0
w 336 200 448 200 0
R 32 336 -16 336 0 2 100000 5 0 0 0.5
r 120 336 120 416 0 10000
w 120 416 240 416 0
w 160 96 240 96 0
w 240 96 336 96 0
w 336 96 448 96 0
b 304 208 389 310 0
x 396 274 482 277 4 24 Inductor
o 1 1 0 20481 0.0001 9.051782513920097 0 7 1 0 8 0 0 0 1 0 2 0 2 3
o 1 1 7 4097 10 6.4 1 1 80
o 0 1 0 4099 10 3.2 2 2 0 3
